# <-, =, and <<- assignment operator (Left Assignment)
x1 <- c(3, 5, 6, 7, 8, 9)
x2 =  c(3, 5, 6, 7, 8, 9)
x3 <<-c(3, 5, 6, 7, 8, 9)

# ->, --> (Right Assignment)
x4 -> c(3, 5, 6, 7, 8, 9)
x5 ->>c(3, 5, 6, 7, 8, 9)